62
58
37
37
88
90
34
88
83
39
85
93
48
58
38
25
99
96
21
55
93
11
52
92
14
4
15
63
75
10
72
88
81
28
76
61
88
27
44
52
78
70
73
67
43
1
38
72
75
23
83
22
25
61
31
26
37
100
53
100
36
72
47
6
56
5
86
6
9
39
68
56
91
92
36
70
44
61
2
10
23
81
75
64
78
76
30
94
59
45
21
46
73
89
17
93
76
68
36
52
18
40
185
53
7
196
165
7
135
176
143
171
74
151
103
82
1
160
50
137
77
111
77
158
27
173
46
75
175
6
76
164
6
116
155
178
171
87
159
184
198
196
132
129
39
8
128
169
144
39
198
140
58
110
18
30
127
68
40
66
62
168
130
85
108
118
159
193
136
122
51
170
199
168
126
122
23
86
166
172
119
157
106
147
183
42
64
138
23
85
3
126
71
4
154
23
156
32
178
98
